0,2,1,2,1,2,3,1
1,4,3,2,1,3,1,1
2,3,2,3,2,3,3,1
3,1,4,1,2,1,1,1
4,1,3,1,1,3,3,1
5,3,2,1,2,1,3,1
6,4,2,1,2,1,1,2
7,3,3,4,1,2,3,1
8,2,1,4,2,1,2,1
9,1,2,2,3,3,1,1
10,1,4,2,2,1,1,1
11,1,3,2,3,2,1,2
12,4,1,1,1,3,1,1
13,1,2,4,1,2,2,1
14,1,4,4,3,1,3,1
15,2,3,2,3,3,1,2
16,2,2,2,3,1,1,1
17,2,1,1,3,3,3,1
18,2,4,2,3,3,1,2
19,3,2,2,1,1,1,1
20,3,2,4,1,1,3,1
21,4,2,3,2,1,1,2
22,2,4,4,1,3,3,1
23,4,1,2,3,2,1,2
24,4,4,1,3,2,2,4
25,1,3,2,2,3,1,2
26,1,2,1,2,1,3,1
27,3,3,2,3,1,1,2
28,2,2,2,1,2,2,1
29,4,2,3,2,2,2,3
30,3,1,4,1,2,2,1
31,3,2,3,3,3,1,2
32,1,2,4,1,1,3,1
33,3,3,2,3,2,3,1
34,4,1,1,1,1,3,1
35,1,4,4,1,1,2,1
36,3,3,3,3,2,3,1
37,2,4,3,2,3,1,2
38,2,4,2,3,2,2,2
39,3,2,4,2,2,2,2
40,3,4,3,2,2,3,1
41,2,3,2,2,1,3,1
42,3,3,1,3,3,2,3
43,2,1,1,1,1,2,1
44,3,4,3,2,1,2,4
45,2,3,2,2,2,3,1
46,4,3,2,1,3,3,1
47,4,2,2,2,3,3,1
48,2,3,4,2,3,3,1
49,2,4,4,3,1,2,2
50,1,3,4,2,1,2,2
51,3,2,2,3,2,3,1
52,2,2,1,1,3,1,1
53,1,1,1,2,1,1,1
54,3,2,2,1,1,3,1
55,4,3,4,2,3,1,4
56,4,4,4,2,2,1,4
57,4,4,3,3,2,1,4
58,1,2,4,1,2,1,1
59,2,3,3,1,1,1,1
60,2,3,1,2,2,2,2
61,4,3,1,3,2,2,4
62,4,3,1,3,1,1,1
63,4,4,4,3,2,2,3
64,3,1,1,2,1,3,1
65,4,2,1,3,3,2,3
66,1,1,2,3,2,1,1
67,2,2,1,3,2,1,1
68,1,4,4,3,2,3,1
69,1,1,1,3,3,2,1
70,4,4,4,3,2,1,4
71,2,1,4,3,1,2,1
72,3,3,1,1,3,2,1
73,3,4,2,2,3,1,4
74,4,2,2,2,3,2,3
75,2,3,3,3,1,3,1
76,1,1,3,1,2,2,1
77,3,3,2,1,1,1,1
78,4,1,1,1,2,3,1
79,2,2,3,2,3,2,2
80,4,2,2,1,1,3,1
81,2,4,1,2,1,3,1
82,1,4,4,2,3,2,2
83,3,3,4,3,3,1,2
84,4,3,4,2,2,3,1
85,3,2,2,2,1,3,1
86,4,4,1,2,3,1,4
87,3,2,1,2,1,1,1
88,4,2,4,1,1,1,1
89,4,1,4,1,1,2,1
90,4,2,3,1,1,3,1
91,2,2,1,3,1,3,1
92,2,1,4,3,2,1,1
93,3,1,1,3,1,2,1
94,1,1,3,3,3,2,1
95,1,2,2,3,1,2,1
96,4,2,2,1,2,2,1
97,2,3,3,1,3,3,1
98,2,3,4,3,1,1,1
99,4,1,3,1,3,1,1
100,2,4,2,1,2,2,1
101,3,4,3,1,3,2,1
102,3,4,2,3,1,2,4
103,1,2,3,3,2,2,1
104,1,2,3,1,1,2,1
105,3,2,1,1,3,2,1
106,2,2,3,3,2,1,2
107,1,2,1,2,3,3,1
108,1,4,2,2,1,2,2
109,4,1,3,1,3,3,1
110,2,4,2,2,1,3,1
111,1,4,4,1,2,2,1
112,2,1,4,1,3,1,1
113,4,3,2,1,2,2,1
114,4,2,3,1,3,1,1
115,3,4,2,3,2,1,4
116,2,2,4,3,2,1,2
117,3,2,3,2,3,1,2
118,3,2,1,2,3,1,2
119,3,2,4,1,2,2,1
120,1,4,2,1,3,2,1
121,1,2,4,2,1,2,1
122,2,4,2,3,2,3,1
123,4,4,3,1,2,1,1
124,3,3,2,2,3,1,2
125,1,2,2,2,1,1,1
126,2,1,2,1,1,2,1
127,2,1,3,2,3,2,1
128,4,2,2,2,2,2,2
129,1,1,4,2,2,3,1
130,3,2,3,1,1,2,1
131,1,3,3,2,2,2,2
132,1,4,3,1,2,2,1
133,1,2,4,3,2,1,1
134,3,4,2,2,3,3,1
135,3,3,4,1,3,3,1
136,2,1,4,2,1,1,1
137,1,1,2,2,2,3,1
138,3,3,3,2,2,1,2
139,3,1,3,1,1,2,1
140,2,3,2,3,3,2,2
141,4,2,3,1,3,3,1
142,1,2,2,2,3,3,1
143,1,1,2,1,1,2,1
144,2,1,1,1,2,3,1
145,3,4,4,2,2,2,3
146,1,1,4,3,3,1,1
147,4,4,3,1,1,2,1
148,3,4,3,2,3,2,3
149,3,3,3,2,1,1,2
150,4,4,2,3,2,1,4
151,4,4,4,3,3,3,1
152,2,2,4,1,3,2,1
153,3,2,3,3,1,3,1
154,4,2,4,1,3,2,1
155,4,3,3,2,1,3,1
156,1,2,2,3,2,3,1
157,2,1,3,3,2,3,1
158,2,3,4,1,3,3,1
159,2,1,2,3,1,2,1
160,1,2,4,2,2,2,1
161,4,2,2,1,2,1,1
162,4,2,1,3,2,3,1
163,2,3,2,2,3,1,2
164,4,2,2,2,3,1,2
165,2,1,3,3,1,2,1
166,1,2,2,1,1,1,1
167,3,1,3,3,3,3,1
168,2,4,2,2,2,3,1
169,4,3,2,3,1,1,2
170,1,4,4,1,2,1,1
171,2,2,4,2,1,2,2
172,4,2,4,2,3,3,1
173,3,4,3,2,1,3,1
174,1,3,3,2,3,1,2
175,2,2,4,3,2,3,1
176,3,3,2,2,1,1,2
177,3,1,1,1,3,1,1
178,1,3,4,2,3,1,2
179,1,2,4,2,3,3,1
180,2,3,1,3,3,2,2
181,1,4,4,3,1,2,2
182,2,3,1,2,2,3,1
183,3,2,3,3,2,2,2
184,4,4,1,3,1,1,1
185,4,3,2,3,2,3,1
186,1,4,3,3,1,3,1
187,4,3,4,2,3,2,3
188,2,2,2,2,3,1,2
189,4,2,2,1,1,1,1
190,2,3,3,2,2,2,2
191,3,4,3,3,3,3,1
192,4,2,1,1,3,3,1
193,1,3,2,2,2,2,2
194,4,2,2,1,1,2,1
195,3,1,1,3,1,1,1
196,2,4,3,3,2,2,2
197,2,4,3,1,2,1,1
198,2,4,4,2,1,3,1
199,1,4,1,1,1,1,1
200,4,2,2,3,2,1,2
201,1,4,1,1,1,3,1
202,2,1,3,3,3,1,1
203,4,3,1,3,2,1,2
204,3,1,3,1,2,3,1
205,3,4,1,1,2,3,1
206,1,4,1,2,2,3,1
207,1,2,3,1,1,1,1
208,3,2,1,1,1,1,1
209,1,4,3,3,2,3,1
210,4,3,1,3,1,3,1
211,4,2,2,3,3,2,3
212,3,2,1,2,1,2,2
213,4,4,4,1,2,1,1
214,1,3,1,2,3,1,2
215,3,2,1,1,1,2,1
216,3,1,4,2,1,1,1
217,1,2,2,3,2,2,1
218,4,2,1,1,2,1,1
219,2,2,2,1,3,1,1
220,4,3,4,3,3,3,1
221,1,2,3,3,1,2,1
222,2,3,1,3,3,3,1
223,1,3,3,1,3,1,1
224,1,4,1,2,1,2,2
225,1,1,2,3,2,3,1
226,1,4,4,2,1,3,1
227,1,2,4,1,2,3,1
228,4,2,3,3,1,1,2
229,4,2,1,1,1,3,1
230,1,2,1,3,2,1,1
231,2,3,1,2,1,3,1
232,4,2,2,3,3,1,2
233,3,1,3,2,1,3,1
234,3,2,1,2,2,3,1
235,3,3,3,2,1,3,1
236,3,1,3,1,2,1,1
237,2,2,3,1,3,3,1
238,2,4,2,1,1,2,1
239,4,1,4,1,3,1,1
240,2,1,2,1,2,1,1
241,3,1,3,3,1,2,2
242,4,2,3,3,1,3,1
243,4,2,1,2,3,2,3
244,1,4,4,3,2,2,2
245,4,4,3,2,2,3,1
246,3,1,3,1,3,3,1
247,4,2,4,1,1,3,1
248,2,3,4,2,1,1,1
249,4,4,3,2,2,1,4
250,4,2,2,3,1,1,2
251,3,1,3,3,1,1,1
252,2,2,3,2,1,2,2
253,2,1,2,1,1,3,1
254,4,1,3,3,2,2,2
255,4,4,3,3,3,2,3
256,3,3,2,3,2,1,2
257,3,2,4,3,1,1,1
258,2,3,1,2,3,3,1
259,1,3,2,2,1,3,1
260,1,3,2,3,3,2,2
261,1,3,1,1,2,2,1
262,1,3,2,1,3,3,1
263,2,2,3,1,2,3,1
264,3,2,2,2,1,2,2
265,1,4,4,1,1,3,1
266,2,2,3,1,1,2,1
267,1,4,2,1,1,1,1
268,3,2,3,3,3,2,2
269,2,3,1,2,2,1,1
270,4,1,4,3,2,2,2
271,1,2,1,1,3,1,1
272,2,1,4,1,3,3,1
273,2,2,1,2,1,1,1
274,1,3,3,2,1,2,2
275,1,2,3,2,2,1,1
276,3,3,4,3,3,2,3
277,2,4,3,2,2,3,1
278,4,2,1,3,2,1,2
279,2,4,4,1,2,2,1
280,4,3,2,2,3,2,3
281,4,3,2,2,3,1,4
282,3,4,3,2,2,2,3
283,2,3,2,1,2,2,1
284,1,4,3,2,3,2,2
285,2,4,2,3,1,3,1
286,2,3,4,1,1,3,1
287,1,3,2,3,1,3,1
288,4,1,4,2,3,1,2
289,4,4,3,2,3,2,3
290,4,1,3,1,2,3,1
291,4,1,1,1,2,2,1
292,4,1,1,2,1,3,1
293,1,4,1,3,3,3,1
294,1,2,3,1,2,1,1
295,4,4,2,1,3,2,1
296,4,4,1,1,1,2,1
297,1,3,4,1,1,3,1
298,2,2,3,1,3,1,1
299,3,2,4,3,3,3,1
300,2,2,2,3,2,3,1
301,2,3,3,3,1,2,2
302,4,2,4,3,2,3,1
303,3,3,2,2,3,3,1
304,2,1,2,2,1,1,1
305,2,1,2,1,3,3,1
306,3,1,1,3,2,3,1
307,2,4,1,1,3,1,1
308,3,1,3,1,3,1,1
309,1,1,4,2,3,2,1
310,2,1,1,2,2,3,1
311,3,3,3,3,3,2,3
312,2,4,3,2,1,3,1
313,3,4,2,2,1,2,4
314,1,3,2,2,3,2,2
315,3,2,3,2,1,1,1
316,1,1,3,3,2,1,1
317,2,3,3,2,3,2,2
318,3,1,2,3,3,1,2
319,4,3,2,1,2,1,1
320,3,2,2,2,3,1,2
321,2,4,3,3,3,2,2
322,4,4,4,1,1,2,1
323,2,1,3,2,2,1,1
324,1,3,3,1,3,2,1
325,4,2,3,2,2,3,1
326,3,2,4,1,2,3,1
327,4,2,3,2,3,2,3
328,1,1,1,2,2,3,1
329,2,1,4,2,3,2,1
330,1,3,3,3,3,3,1
331,2,4,3,2,1,2,2
332,2,2,3,3,3,1,2
333,2,4,2,1,2,1,1
334,1,4,4,3,2,1,2
335,4,2,3,2,3,1,2
336,4,2,2,1,3,3,1
337,4,1,1,2,3,1,2
338,3,4,1,2,1,3,1
339,3,3,3,3,3,3,1
340,3,3,2,2,2,1,2
341,2,3,4,2,3,1,2
342,3,2,3,3,1,1,1
343,4,4,2,2,2,3,1
344,1,3,3,3,1,1,1
345,1,2,1,1,3,3,1
346,4,4,3,2,3,3,1
347,2,2,1,1,3,2,1
348,3,1,1,2,3,2,2
349,1,1,1,3,1,1,1
350,2,2,1,3,3,3,1
351,1,3,3,2,1,3,1
352,3,4,2,2,2,1,2
353,4,3,3,3,2,2,3
354,1,4,2,3,1,2,2
355,4,2,3,3,3,1,2
356,4,2,3,3,2,1,2
357,4,3,1,3,3,3,1
358,4,3,3,3,3,2,3
359,3,4,4,1,1,3,1
360,1,3,3,2,3,3,1
361,4,2,2,3,1,3,1
362,2,3,2,3,2,2,2
363,4,2,3,3,2,3,1
364,2,2,4,3,1,1,1
365,3,1,1,3,2,2,2
366,3,3,4,1,3,1,1
367,4,1,1,3,2,2,2
368,3,2,2,1,3,3,1
369,1,2,1,2,2,1,1
370,3,2,3,3,1,2,2
371,1,2,4,2,3,1,1
372,4,4,4,2,2,3,1
373,1,1,3,2,1,1,1
374,1,2,2,2,2,3,1
375,2,1,2,2,2,1,1
376,1,2,3,1,2,2,1
377,2,2,2,3,3,2,2
378,1,3,4,1,2,3,1
379,2,2,2,1,1,2,1
380,4,4,4,1,3,2,1
381,1,1,1,3,2,3,1
382,1,4,1,1,2,3,1
383,3,2,1,1,3,1,1
384,2,1,3,3,2,2,1
385,1,3,2,1,3,1,1
386,3,4,2,1,1,3,1
387,4,4,4,2,1,1,2
388,2,1,1,2,3,1,1
389,2,4,4,3,2,2,2
390,2,1,1,3,1,1,1
391,3,1,2,3,1,2,2
392,2,2,1,2,3,3,1
393,1,4,1,1,3,3,1
394,4,4,4,1,2,2,1
395,3,3,4,1,1,3,1
396,3,2,1,3,2,2,2
397,3,4,4,3,2,1,4
398,2,4,1,1,2,1,1
399,4,1,1,3,1,3,1
400,2,2,4,3,3,2,2
401,1,4,2,1,2,1,1
402,3,4,4,1,1,2,1
403,1,3,1,1,1,1,1
404,1,1,4,3,3,3,1
405,2,1,3,1,1,1,1
406,2,4,2,3,1,2,2
407,1,4,2,1,1,3,1
408,3,4,4,2,2,3,1
409,4,1,4,1,2,1,1
410,4,1,4,1,1,3,1
411,2,4,3,1,1,2,1
412,3,4,3,1,1,3,1
413,3,3,2,1,1,2,1
414,1,3,2,2,1,1,1
415,4,2,4,1,2,3,1
416,1,2,3,1,3,1,1
417,3,4,3,3,1,3,1
418,3,3,1,3,3,3,1
419,4,2,1,3,2,2,2
420,1,3,1,3,2,3,1
421,2,2,4,3,3,1,2
422,2,4,2,3,3,2,2
423,2,4,2,1,3,1,1
424,2,3,1,3,1,2,1
425,1,2,2,2,2,1,1
426,3,1,2,3,1,1,1
427,3,3,4,2,3,3,1
428,4,2,2,3,3,3,1
429,3,4,4,3,1,1,2
430,3,1,2,2,3,2,2
431,1,1,1,3,1,2,1
432,3,3,3,1,3,3,1
433,3,3,4,3,2,1,2
434,2,3,2,3,1,2,2
435,4,4,4,2,1,3,1
436,2,3,4,3,3,3,1
437,2,2,4,2,2,1,2
438,4,4,4,1,2,3,1
439,3,3,3,1,1,2,1
440,2,4,1,2,3,2,2
441,1,2,2,1,3,2,1
442,2,2,2,1,3,3,1
443,3,1,4,1,3,2,1
444,3,1,4,2,2,3,1
445,1,2,2,1,1,2,1
446,1,4,4,1,3,2,1
447,2,2,2,3,3,1,2
448,3,3,2,1,1,3,1
449,1,2,1,3,1,3,1
450,2,3,1,1,3,2,1
451,2,2,4,1,3,1,1
452,2,2,3,2,2,1,2
453,3,1,1,1,3,2,1
454,3,4,2,3,3,1,4
455,4,1,4,2,1,2,2
456,3,1,3,2,2,2,2
457,4,1,1,2,3,3,1
458,4,3,1,1,2,2,1
459,3,2,3,1,2,3,1
460,4,3,1,1,3,2,1
461,4,3,2,1,1,2,1
462,1,3,3,1,3,3,1
463,1,1,3,2,3,3,1
464,2,4,2,2,2,1,1
465,2,3,4,1,2,3,1
466,2,3,1,1,3,1,1
467,4,1,2,2,1,1,1
468,4,1,3,2,3,2,2
469,2,1,3,3,3,2,1
470,2,3,2,1,3,2,1
471,4,2,2,3,2,2,3
472,2,1,3,3,2,1,1
473,3,4,1,2,2,3,1
474,4,4,2,2,2,2,4
475,3,1,4,1,3,3,1
476,2,3,2,1,2,3,1
477,2,3,1,2,3,1,2
478,1,2,4,2,2,1,1
479,1,4,2,2,2,3,1
480,4,1,4,2,1,1,1
481,3,2,2,2,1,1,1
482,2,3,1,3,3,1,2
483,1,3,3,2,3,2,2
484,4,1,1,1,1,2,1
485,3,2,2,3,3,3,1
486,1,1,4,2,1,1,1
487,1,2,3,1,2,3,1
488,4,3,4,3,1,3,1
489,1,1,4,3,3,2,1
490,1,4,4,1,3,1,1
491,2,2,2,2,1,3,1
492,1,2,2,2,1,3,1
493,2,4,1,3,2,1,1
494,2,3,4,3,1,3,1
495,3,3,1,1,3,1,1
496,3,3,1,3,2,3,1
497,1,3,4,2,3,2,2
498,2,2,4,1,1,2,1
499,3,2,2,1,2,2,1
500,4,3,3,3,2,3,1
501,1,1,1,2,3,1,1
502,3,4,1,3,3,3,1
503,3,4,4,2,3,3,1
504,2,1,1,2,1,3,1
505,2,1,3,1,2,1,1
506,2,1,1,3,2,3,1
507,1,2,4,1,3,2,1
508,3,3,4,2,3,1,2
509,4,2,4,2,1,2,2
510,3,1,2,2,2,1,1
511,1,3,4,3,1,1,1
512,1,4,3,2,1,3,1
513,4,4,4,1,3,1,1
514,4,1,2,1,3,1,1
515,4,2,3,2,1,2,2
516,2,2,1,3,3,2,2
517,1,2,3,2,3,2,1
518,1,4,1,3,1,1,1
519,2,1,1,3,2,1,1
520,4,1,2,2,1,3,1
521,4,1,3,3,2,3,1
522,1,4,4,2,2,3,1
523,1,1,4,3,1,3,1
524,4,3,3,2,2,3,1
525,3,1,3,3,2,1,2
526,2,1,4,3,1,1,1
527,4,4,1,2,2,1,2
528,3,3,4,2,1,3,1
529,3,2,4,1,2,1,1
530,2,2,2,2,3,3,1
531,3,2,2,3,2,1,2
532,4,2,1,2,2,1,2
533,3,4,3,2,1,1,2
534,4,1,2,1,3,3,1
535,4,1,2,1,3,2,1
536,1,3,3,3,2,2,2
537,1,1,4,2,3,3,1
538,3,4,3,3,3,2,3
539,1,2,4,1,1,2,1
540,1,3,1,1,1,3,1
541,2,3,1,2,3,2,2
542,2,2,1,2,2,2,2
543,1,1,2,2,3,2,1
544,1,1,3,1,2,1,1
545,4,1,2,3,3,1,2
546,4,4,3,3,2,2,3
547,1,1,3,2,3,2,1
548,2,4,2,2,1,2,2
549,1,1,4,3,2,1,1
550,3,3,1,3,1,2,1
551,1,1,2,2,2,2,1
552,4,1,3,3,2,1,2
553,4,3,4,3,3,2,3
554,2,4,2,2,2,2,2
555,4,2,2,1,3,2,1
556,3,4,4,2,3,2,3
557,2,4,3,1,1,1,1
558,4,3,3,3,2,1,4
559,3,4,1,3,3,2,3
560,2,3,1,3,2,2,2
561,3,1,3,3,2,2,2
562,2,4,1,3,3,3,1
563,1,3,2,2,2,1,1
564,3,2,4,2,2,1,2
565,2,2,3,1,2,1,1
566,1,1,2,3,3,3,1
567,1,1,1,2,1,2,1
568,4,2,1,3,1,1,1
569,2,1,1,3,1,2,1
570,3,3,2,2,2,2,2
571,3,2,2,3,1,1,1
572,1,4,3,3,2,1,2
573,4,4,2,3,3,2,3
574,2,1,1,2,3,2,1
575,2,4,1,2,1,2,2
576,2,4,3,1,2,3,1
577,2,4,3,3,1,3,1
578,1,4,4,1,1,1,1
579,2,4,4,2,2,3,1
580,1,4,3,2,1,2,2
581,4,1,2,1,1,2,1
582,4,1,4,3,2,3,1
583,1,3,3,3,3,1,2
584,3,1,3,1,1,3,1
585,1,3,3,3,1,3,1
586,1,3,2,1,1,2,1
587,2,4,4,3,3,1,2
588,3,2,4,2,3,2,2
589,1,1,1,3,2,2,1
590,2,3,2,2,3,3,1
591,3,4,1,3,2,2,4
592,3,4,2,3,2,2,3
593,4,3,2,2,2,1,2
594,4,1,1,2,2,2,2
595,4,4,1,1,2,2,1
596,2,1,4,3,3,2,1
597,2,3,1,1,2,1,1
598,3,2,2,1,2,3,1
599,3,1,1,2,3,3,1
600,2,1,1,3,3,1,1
601,2,4,1,1,2,2,1
602,2,3,1,1,2,3,1
603,4,1,1,2,2,3,1
604,3,3,2,1,2,3,1
605,3,3,3,3,3,1,2
606,3,4,1,1,3,1,1
607,4,4,1,2,1,1,2
608,3,2,1,3,3,2,2
609,1,2,1,3,3,1,1
610,2,1,2,2,1,3,1
611,2,3,3,2,1,1,1
612,2,4,1,1,1,2,1
613,1,3,2,1,2,3,1
614,1,4,4,2,3,1,2
615,4,4,3,1,2,3,1
616,4,1,2,1,1,1,1
617,3,4,2,2,3,2,3
618,4,1,4,3,2,1,2
619,1,1,1,2,1,3,1
620,2,4,3,2,2,1,2
621,2,2,4,3,3,3,1
622,3,3,3,2,2,3,1
623,2,1,1,1,3,1,1
624,1,2,4,3,3,2,1
625,2,2,4,1,2,1,1
626,2,1,1,2,2,2,1
627,3,1,3,2,1,2,2
628,1,2,2,1,1,3,1
629,2,2,1,3,1,2,1
630,1,1,4,3,2,3,1
631,4,3,1,1,2,3,1
632,3,3,3,3,1,1,2
633,4,2,1,2,3,1,2
634,3,1,1,2,3,1,2
635,3,4,4,2,1,2,4
636,4,1,3,2,1,1,1
637,3,1,4,2,1,2,2
638,2,3,2,2,3,2,2
639,4,2,4,3,2,2,3
640,3,3,1,3,1,3,1
641,1,2,1,3,2,3,1
642,3,3,3,1,1,3,1
643,3,4,4,2,3,1,4
644,4,1,1,3,3,1,2
645,4,4,3,1,2,2,1
646,4,1,2,1,1,3,1
647,4,1,1,3,1,2,1
648,4,2,4,2,2,1,2
649,3,3,1,2,2,3,1
650,3,3,1,1,1,1,1
651,3,3,2,3,2,2,3
652,4,3,3,2,2,2,3
653,2,4,2,1,2,3,1
654,3,4,4,3,3,1,4
655,1,2,4,1,3,1,1
656,3,4,1,1,1,1,1
657,4,2,3,1,3,2,1
658,2,4,4,2,2,1,2
659,1,1,4,3,1,1,1
660,4,4,4,2,3,3,1
661,2,3,4,2,3,2,2
662,2,3,3,3,3,2,2
663,1,2,3,3,3,2,1
664,3,1,2,3,2,2,2
665,3,4,1,1,2,2,1
666,2,4,4,3,1,1,1
667,3,3,2,1,2,2,1
668,2,4,2,3,3,3,1
669,2,4,4,1,2,1,1
670,2,2,2,2,3,2,2
671,1,1,1,1,2,3,1
672,1,2,1,2,3,2,1
673,1,3,3,1,2,2,1
674,4,1,4,2,3,2,2
675,1,2,4,2,1,3,1
676,1,3,3,1,2,3,1
677,2,3,2,1,2,1,1
678,3,3,4,1,2,2,1
679,3,3,4,3,2,2,3
680,4,1,2,3,2,2,2
681,4,4,4,3,3,2,3
682,3,3,3,2,3,3,1
683,2,3,4,2,1,3,1
684,2,1,3,2,3,1,1
685,2,3,1,1,1,1,1
686,4,3,4,1,3,3,1
687,4,3,2,2,3,3,1
688,1,3,1,3,3,3,1
689,3,3,1,3,3,1,2
690,1,4,1,2,2,2,2
691,1,3,2,1,1,1,1
692,2,2,3,2,2,3,1
693,2,4,3,3,3,1,2
694,4,1,4,1,3,3,1
695,4,3,2,3,1,3,1
696,2,3,4,3,3,1,2
697,4,3,3,1,3,1,1
698,3,4,3,3,2,3,1
699,3,1,3,2,3,2,2
700,2,3,4,3,3,2,2
701,3,4,1,2,3,3,1
702,3,3,3,3,1,2,2
703,3,3,4,2,2,3,1
704,4,4,3,3,1,3,1
705,4,1,2,2,3,2,2
706,2,2,3,2,3,1,2
707,1,1,3,1,3,3,1
708,4,1,4,3,3,3,1
709,3,1,1,3,3,2,2
710,1,1,3,1,1,1,1
711,1,1,4,1,1,1,1
712,3,4,4,3,3,3,1
713,3,2,4,3,1,3,1
714,4,1,3,2,3,1,2
715,4,2,3,2,1,3,1
716,3,4,2,1,2,1,1
717,4,1,1,2,3,2,2
718,2,2,4,1,2,2,1
719,2,1,4,1,1,1,1
720,3,4,4,2,1,1,2
721,3,2,3,1,3,3,1
722,4,2,2,3,1,2,2
723,2,1,3,1,1,2,1
724,3,4,2,2,2,3,1
725,1,3,4,2,1,3,1
726,4,3,1,2,2,1,2
727,1,4,3,2,3,3,1
728,4,2,1,3,3,3,1
729,3,4,2,3,1,1,2
730,1,4,2,1,1,2,1
731,4,4,4,1,3,3,1
732,3,3,4,2,2,1,2
733,4,2,4,3,1,2,2
734,1,4,2,3,2,2,2
735,4,1,2,2,3,1,2
736,4,1,4,2,2,1,2
737,3,3,3,3,2,2,3
738,1,4,3,3,2,2,2
739,3,4,4,1,3,3,1
740,1,4,4,1,3,3,1
741,2,4,1,2,3,3,1
742,3,2,2,3,1,2,2
743,1,1,2,1,1,1,1
744,2,3,2,3,1,3,1
745,4,3,1,1,1,2,1
746,1,1,1,2,2,1,1
747,2,3,4,1,3,2,1
748,1,3,1,1,3,1,1
749,2,3,2,1,3,1,1
750,3,1,2,1,2,3,1
751,2,4,1,1,1,3,1
752,1,4,1,2,3,1,2
753,1,2,2,2,2,2,1
754,2,2,1,1,1,1,1
755,3,2,3,1,3,2,1
756,3,2,2,1,2,1,1
757,4,3,1,3,2,3,1
758,1,4,2,1,3,3,1
759,2,1,4,3,3,3,1
760,3,2,3,2,1,3,1
761,2,4,2,1,1,1,1
762,2,2,3,3,3,3,1
763,1,2,3,2,3,1,1
764,1,4,2,1,3,1,1
765,3,4,2,1,2,2,1
766,2,3,3,1,1,3,1
767,2,1,1,1,3,2,1
768,3,1,3,2,3,3,1
769,3,4,4,3,3,2,3
770,3,4,4,1,1,1,1
771,4,3,1,2,2,3,1
772,4,3,4,1,2,3,1
773,1,1,2,1,3,1,1
774,2,1,3,2,2,2,1
775,4,2,2,3,2,3,1
776,3,1,4,2,2,2,2
777,2,1,2,1,3,1,1
778,3,1,3,2,2,1,2
779,3,4,3,2,2,1,4
780,2,1,4,3,2,3,1
781,3,2,2,1,3,1,1
782,2,2,4,2,3,2,2
783,1,2,1,3,1,2,1
784,3,1,2,1,3,2,1
785,3,3,3,1,2,2,1
786,3,1,2,2,3,3,1
787,1,4,3,2,1,1,1
788,4,3,4,2,2,1,4
789,3,1,2,2,2,3,1
790,2,1,2,3,2,2,1
791,1,2,2,1,2,3,1
792,2,4,2,2,3,1,2
793,4,1,4,2,2,2,2
794,4,2,3,2,2,1,2
795,2,4,1,2,2,3,1
796,1,3,3,3,2,3,1
797,4,4,4,1,1,1,1
798,4,4,2,3,1,2,4
799,2,2,2,3,2,1,2
800,3,4,3,1,3,1,1
801,2,1,4,1,2,1,1
802,1,4,1,1,2,1,1
803,2,1,2,1,3,2,1
804,1,2,1,3,2,2,1
805,1,3,3,2,2,3,1
806,2,2,4,2,2,3,1
807,3,3,1,2,1,2,2
808,3,1,2,3,2,1,2
809,2,2,3,3,2,3,1
810,3,3,4,1,1,1,1
811,4,3,3,1,2,3,1
812,1,3,3,1,2,1,1
813,3,4,2,1,3,1,1
814,3,2,4,1,3,2,1
815,4,3,1,2,3,1,4
816,2,4,1,3,1,2,1
817,3,3,3,1,2,3,1
818,3,3,2,2,2,3,1
819,1,4,3,1,3,2,1
820,1,1,1,3,2,1,1
821,4,3,1,1,1,3,1
822,1,3,3,1,1,2,1
823,2,3,3,1,2,3,1
824,3,1,1,2,1,2,2
825,3,4,4,1,3,2,1
826,3,4,1,3,1,2,1
827,2,2,4,2,2,2,2
828,2,4,3,1,2,2,1
829,2,1,1,1,1,3,1
830,1,4,2,2,2,1,1
831,4,1,1,1,3,3,1
832,1,4,4,3,1,1,1
833,1,3,2,3,1,2,2
834,2,4,4,3,3,2,2
835,3,2,1,3,3,1,2
836,1,1,3,1,3,2,1
837,1,1,4,1,1,3,1
838,4,1,1,1,1,1,1
839,2,4,1,3,2,3,1
840,2,2,3,1,3,2,1
841,2,3,4,1,1,1,1
842,3,4,1,2,2,1,2
843,3,1,4,1,2,3,1
844,4,4,4,1,1,3,1
845,3,2,3,2,1,2,2
846,2,2,3,1,1,1,1
847,2,1,2,3,2,1,1
848,4,2,1,1,2,3,1
849,3,1,4,1,1,3,1
850,1,3,4,3,1,3,1
851,4,2,1,3,1,2,1
852,4,1,1,2,1,1,1
853,4,4,4,3,1,3,1
854,4,1,2,3,3,2,2
855,4,1,3,2,3,3,1
856,2,3,3,2,3,1,2
857,1,3,2,3,3,3,1
858,1,4,4,2,2,1,2
859,4,1,4,1,1,1,1
860,3,4,1,3,1,1,1
861,3,4,3,3,2,2,3
862,1,4,3,3,1,1,1
863,3,2,4,1,1,1,1
864,3,3,3,2,1,2,2
865,2,4,3,1,3,1,1
866,2,3,2,3,1,1,1
867,3,2,2,2,2,1,1
868,4,4,1,2,1,3,1
869,1,3,1,1,3,2,1
870,4,3,4,3,1,2,4
871,1,2,3,2,1,1,1
872,2,4,4,3,2,3,1
873,1,1,1,3,3,3,1
874,2,2,4,1,1,3,1
875,2,3,2,2,1,2,2
876,1,1,4,2,3,1,1
877,4,4,1,1,2,3,1
878,1,1,1,1,2,1,1
879,2,3,3,3,2,1,2
880,4,1,3,3,1,3,1
881,3,3,2,1,3,2,1
882,2,1,2,3,2,3,1
883,2,4,3,3,2,3,1
884,1,1,2,1,3,3,1
885,3,2,3,3,2,1,2
886,4,1,2,1,2,2,1
887,2,1,4,2,2,3,1
888,2,2,3,2,1,3,1
889,3,3,2,3,1,2,2
890,4,2,2,2,1,1,2
891,2,3,4,3,1,2,2
892,1,4,3,3,1,2,2
893,1,4,2,3,1,1,1
894,3,1,4,3,3,3,1
895,3,4,2,3,3,2,3
896,2,1,2,3,3,3,1
897,1,1,1,2,2,2,1
898,3,3,1,1,1,3,1
899,1,1,4,1,2,3,1
900,2,4,2,3,1,1,1
901,2,1,2,2,1,2,1
902,1,1,3,3,1,2,1
903,2,1,3,1,2,3,1
904,4,4,2,1,1,3,1
905,1,4,2,3,1,3,1
906,1,4,4,3,3,1,2
907,1,2,1,1,2,3,1
908,3,3,3,1,1,1,1
909,3,1,1,1,3,3,1
910,2,2,1,3,1,1,1
911,4,4,1,2,2,3,1
912,3,1,4,3,3,1,2
913,3,4,4,3,1,2,4
914,1,3,2,1,2,1,1
915,4,2,4,1,3,3,1
916,1,2,1,2,2,3,1
917,3,3,2,3,3,2,3
918,1,2,3,3,2,1,1
919,4,4,3,2,1,2,4
920,2,1,3,2,1,3,1
921,2,4,2,1,3,3,1
922,1,1,1,2,3,3,1
923,3,2,2,2,2,2,2
924,3,2,3,2,2,2,2
925,4,2,2,2,1,2,2
926,2,2,1,2,3,2,2
927,2,3,3,3,1,1,1
928,4,4,3,1,3,3,1
929,1,1,1,3,3,1,1
930,3,2,2,1,3,2,1
931,2,3,2,3,2,3,1
932,1,4,3,3,3,3,1
933,2,3,3,3,2,3,1
934,4,2,2,2,1,3,1
935,2,1,4,2,2,1,1
936,3,3,2,3,3,3,1
937,4,4,1,1,1,3,1
938,4,1,2,2,1,2,2
939,3,3,1,1,2,2,1
940,4,2,4,3,3,3,1
941,3,2,1,1,2,1,1
942,1,2,1,2,1,2,1
943,4,4,1,2,3,3,1
944,3,4,1,2,1,1,2
945,4,2,3,2,3,3,1
946,2,2,2,2,2,1,1
947,4,4,1,3,2,1,2
948,4,2,3,1,2,3,1
949,2,4,1,1,1,1,1
950,4,4,2,1,2,3,1
951,4,2,1,1,1,2,1
952,3,2,3,1,1,3,1
953,2,4,4,2,3,2,2
954,4,3,4,1,2,1,1
955,4,1,2,2,2,2,2
956,4,3,1,1,3,1,1
957,1,2,2,3,2,1,1
958,3,2,3,2,3,2,2
959,2,3,3,1,2,1,1
960,3,2,3,3,2,3,1
961,1,3,1,3,1,3,1
962,4,4,1,2,3,2,3
963,3,3,1,2,1,1,2
964,1,3,4,1,3,1,1
965,3,4,4,3,2,2,3
966,3,4,1,3,2,1,2
967,4,4,3,3,3,3,1
968,2,2,2,3,1,3,1
969,3,3,4,3,1,2,2
970,2,1,4,3,2,2,1
971,1,3,3,1,1,1,1
972,1,1,1,1,2,2,1
973,3,2,1,3,1,3,1
974,2,4,1,1,3,3,1
975,1,2,3,1,3,2,1
976,3,4,4,1,2,2,1
977,3,2,4,3,2,1,2
978,4,4,3,3,1,1,2
979,2,3,4,1,1,2,1
980,3,1,1,3,1,3,1
981,1,3,1,3,1,2,1
982,4,3,3,3,1,1,2
983,4,3,3,1,3,3,1
984,2,2,1,2,1,3,1
985,1,1,3,3,2,2,1
986,2,4,3,2,2,2,2
987,3,2,1,1,2,3,1
988,1,1,3,2,2,2,1
989,3,4,1,2,2,2,4
990,3,4,1,3,1,3,1
991,2,4,4,2,1,2,2
992,1,4,2,1,2,2,1
993,3,2,4,3,3,1,2
994,2,4,1,3,1,1,1
995,4,3,1,1,1,1,1
996,2,2,1,3,2,3,1
997,4,1,3,1,3,2,1
998,3,2,3,3,3,3,1
999,3,1,1,2,2,3,1
1000,1,2,1,3,3,3,1
1001,1,1,3,2,2,1,1
1002,1,3,3,2,2,1,2
1003,2,3,3,2,2,1,2
1004,2,2,3,2,2,2,2
1005,1,1,2,3,1,2,1
1006,2,4,2,1,3,2,1
1007,3,4,3,1,2,3,1
1008,1,4,1,1,3,2,1
1009,3,1,4,1,1,1,1
1010,3,2,4,2,2,3,1
1011,4,4,2,1,3,1,1
1012,1,4,2,2,3,1,2
1013,4,4,1,3,1,2,1
1014,3,1,3,1,2,2,1
1015,1,4,4,2,1,2,2
1016,4,3,4,1,1,3,1
1017,3,1,2,1,1,3,1
1018,1,2,1,1,2,2,1
1019,2,3,4,1,2,1,1
1020,3,1,4,3,3,2,2
1021,3,4,3,1,1,2,1
1022,4,1,1,3,3,2,2
1023,1,4,2,2,3,2,2
1024,2,2,3,3,2,2,2
1025,1,2,2,1,3,1,1
1026,3,3,2,1,2,1,1
1027,4,4,3,1,3,2,1
1028,4,4,1,2,1,2,4
1029,1,1,4,3,1,2,1
1030,1,3,2,3,3,1,2
1031,4,3,4,2,1,1,2
1032,3,2,1,3,1,2,1
1033,1,4,2,3,3,2,2
1034,4,3,1,2,2,2,4
1035,2,3,2,1,1,2,1
1036,3,1,2,1,1,2,1
1037,3,2,4,3,3,2,2
1038,3,3,1,2,1,3,1
1039,4,3,3,1,1,1,1
1040,1,2,4,3,1,2,1
1041,1,1,3,3,2,3,1
1042,4,3,2,3,3,2,3
1043,3,1,1,1,2,2,1
1044,1,2,2,1,3,3,1
1045,2,2,2,1,1,3,1
1046,1,4,3,2,3,1,2
1047,2,4,3,2,1,1,1
1048,2,4,3,3,1,1,1
1049,2,2,1,3,3,1,2
1050,3,4,4,1,3,1,1
1051,1,4,1,2,2,1,1
1052,2,2,2,2,2,2,2
1053,4,4,1,2,2,2,4
1054,4,4,2,2,2,1,2
1055,1,2,4,3,3,3,1
1056,3,3,4,1,1,2,1
1057,4,1,3,2,2,2,2
1058,1,3,2,1,1,3,1
1059,2,3,2,1,1,1,1
1060,4,4,2,2,1,3,1
1061,3,1,3,2,1,1,1
1062,1,3,4,2,1,1,1
1063,3,3,4,2,1,2,2
1064,2,1,4,2,1,3,1
1065,3,2,4,3,2,3,1
1066,1,2,4,3,1,1,1
1067,4,4,3,1,1,3,1
1068,2,2,4,1,2,3,1
1069,1,1,1,1,1,2,1
1070,4,1,2,1,2,1,1
1071,4,4,3,2,2,2,3
1072,1,2,4,2,1,1,1
1073,1,3,1,2,2,1,1
1074,3,2,2,3,2,2,2
1075,2,1,4,3,3,1,1
1076,1,2,2,3,3,3,1
1077,4,4,2,2,1,1,2
1078,2,1,3,1,3,1,1
1079,4,3,3,3,3,1,4
1080,2,2,4,1,3,3,1
1081,4,1,1,1,2,1,1
1082,4,3,3,1,3,2,1
1083,1,3,3,3,1,2,2
1084,2,1,3,2,1,2,1
1085,2,4,4,1,3,2,1
1086,4,2,1,3,1,3,1
1087,1,4,1,1,1,2,1
1088,1,2,1,2,3,1,1
1089,4,3,4,2,1,2,4
1090,1,2,4,3,2,3,1
1091,1,1,4,1,2,1,1
1092,3,1,2,3,3,3,1
1093,1,2,4,2,3,2,1
1094,2,4,3,1,1,3,1
1095,3,4,3,3,2,1,4
1096,4,2,2,2,2,3,1
1097,2,3,3,3,3,3,1
1098,1,3,2,2,3,3,1
1099,4,2,1,2,2,3,1
1100,3,4,3,1,3,3,1
1101,3,1,4,3,1,1,1
1102,1,1,4,2,1,3,1
1103,4,4,2,3,3,3,1
1104,1,4,2,2,1,3,1
1105,4,3,4,2,2,2,3
1106,2,3,3,3,2,2,2
1107,4,4,2,3,1,1,2
1108,3,4,2,2,1,3,1
1109,2,1,1,2,2,1,1
1110,4,3,1,1,3,3,1
1111,4,4,1,1,3,3,1
1112,4,4,3,1,3,1,1
1113,4,3,3,2,2,1,4
1114,2,1,3,1,3,3,1
1115,4,3,1,3,3,1,4
1116,1,1,2,1,1,3,1
1117,3,4,3,3,1,1,2
1118,4,4,2,1,3,3,1
1119,4,2,4,1,2,2,1
1120,2,1,1,1,2,2,1
1121,3,1,1,3,3,1,2
1122,3,1,1,2,2,2,2
1123,3,3,3,2,3,1,2
1124,3,1,4,2,3,1,2
1125,4,3,2,2,1,2,4
1126,1,3,4,1,3,3,1
1127,2,2,4,3,1,3,1
1128,3,4,1,2,3,1,4
1129,1,4,4,2,1,1,1
1130,3,1,1,1,1,2,1
1131,3,3,1,1,2,1,1
1132,1,2,3,2,2,2,1
1133,2,2,1,1,2,2,1
1134,2,2,4,2,1,1,1
1135,1,1,4,3,2,2,1
1136,3,1,1,1,1,1,1
1137,2,4,1,2,2,1,1
1138,3,3,3,1,2,1,1
1139,1,4,2,3,2,1,2
1140,2,1,3,1,2,2,1
1141,2,4,4,1,1,3,1
1142,3,1,1,1,2,3,1
1143,1,2,2,3,1,3,1
1144,3,2,1,1,1,3,1
1145,1,1,2,3,3,2,1
1146,2,2,1,1,1,3,1
1147,2,2,1,1,2,3,1
1148,1,4,1,3,3,1,2
1149,3,2,3,1,2,1,1
1150,4,3,4,1,1,1,1
1151,4,2,1,3,3,1,2
1152,1,1,4,1,1,2,1
1153,4,1,2,2,2,1,1
1154,1,4,3,1,1,3,1
1155,3,1,4,3,1,2,2
1156,2,2,2,3,2,2,2
1157,3,1,3,3,2,3,1
1158,3,1,3,2,3,1,2
1159,4,2,1,2,2,2,2
1160,1,1,2,2,1,3,1
1161,4,4,2,3,2,3,1
1162,4,4,3,3,2,3,1
1163,4,4,2,2,3,3,1
1164,2,3,4,2,2,3,1
1165,2,2,1,2,2,1,1
1166,1,3,2,3,2,2,2
1167,4,2,4,3,3,2,3
1168,3,3,4,1,2,1,1
1169,2,2,3,1,1,3,1
1170,3,1,3,1,3,2,1
1171,2,4,3,3,3,3,1
1172,2,1,3,3,1,3,1
1173,1,4,3,3,3,2,2
1174,1,3,4,3,3,2,2
1175,2,4,1,3,3,1,2
1176,4,2,3,3,3,2,3
1177,3,3,2,3,1,3,1
1178,1,3,1,3,3,2,2
1179,1,4,3,1,2,1,1
1180,2,2,2,2,2,3,1
1181,1,4,4,1,2,3,1
1182,4,4,4,3,2,3,1
1183,3,1,3,3,3,1,2
1184,1,3,1,2,2,2,2
1185,2,4,1,3,3,2,2
1186,1,2,3,3,1,3,1
1187,1,4,3,1,2,3,1
1188,4,3,4,1,2,2,1
1189,3,2,2,3,3,2,2
1190,1,2,3,3,3,3,1
1191,1,3,1,2,3,2,2
1192,3,1,1,1,2,1,1
1193,1,4,1,1,3,1,1
1194,4,3,2,3,1,2,4
1195,2,4,3,2,3,2,2
1196,3,2,4,1,3,3,1
1197,1,4,3,1,3,3,1
1198,2,4,1,3,1,3,1
1199,4,1,4,2,2,3,1
1200,2,2,1,1,2,1,1
1201,2,1,2,1,2,2,1
1202,1,4,1,3,3,2,2
1203,2,1,2,2,2,3,1
1204,3,4,4,1,2,3,1
1205,2,3,1,1,1,3,1
1206,4,1,4,1,3,2,1
1207,4,4,3,2,3,1,4
1208,4,2,4,2,1,3,1
1209,2,1,2,2,2,2,1
1210,3,1,2,1,2,2,1
1211,4,1,3,1,1,1,1
1212,3,3,4,3,2,3,1
1213,1,1,4,1,3,3,1
1214,4,1,3,3,3,2,2
1215,3,2,4,3,2,2,2
1216,2,2,2,1,2,1,1
1217,3,4,3,2,3,1,4
1218,4,4,2,1,2,1,1
1219,3,1,1,3,3,3,1
1220,4,1,3,1,1,2,1
1221,3,2,1,2,3,3,1
1222,2,1,3,1,3,2,1
1223,1,4,2,1,2,3,1
1224,4,4,1,1,1,1,1
1225,2,2,1,1,1,2,1
1226,3,1,2,2,1,1,1
1227,2,3,2,2,2,1,1
1228,4,1,1,3,3,3,1
1229,1,4,1,3,2,2,2
1230,1,3,4,2,2,1,2
1231,3,3,1,1,2,3,1
1232,4,2,2,1,3,1,1
1233,3,4,1,1,1,3,1
1234,1,3,1,1,2,1,1
1235,2,4,4,2,3,1,2
1236,4,1,1,2,2,1,1
1237,4,1,3,2,1,2,2
1238,1,3,4,2,2,3,1
1239,1,1,3,3,3,1,1
1240,2,4,1,2,1,1,1
1241,1,3,1,2,1,3,1
1242,4,1,2,2,3,3,1
1243,1,2,4,2,2,3,1
1244,2,1,4,2,3,1,1
1245,2,1,4,1,2,3,1
1246,2,2,3,3,3,2,2
1247,3,3,3,2,3,2,3
1248,1,4,1,2,3,2,2
1249,1,1,2,2,3,3,1
1250,1,2,4,3,2,2,1
1251,4,3,2,1,1,1,1
1252,2,2,2,1,1,1,1
1253,4,1,4,2,1,3,1
1254,2,2,2,3,1,2,2
1255,1,2,4,3,1,3,1
1256,1,3,4,2,3,3,1
1257,4,4,4,2,2,2,3
1258,1,3,1,2,1,1,1
1259,2,2,1,2,2,3,1
1260,3,4,3,2,3,3,1
1261,4,1,2,3,1,1,1
1262,4,2,4,1,1,2,1
1263,2,4,1,3,2,2,2
1264,3,3,2,1,3,3,1
1265,4,2,4,2,2,3,1
1266,2,1,1,1,1,1,1
1267,2,4,2,2,3,2,2
1268,1,1,2,2,1,1,1
1269,1,3,2,2,1,2,2
1270,4,4,4,3,3,1,4
1271,4,4,1,1,2,1,1
1272,4,3,2,1,1,3,1
1273,1,4,4,3,3,3,1
1274,4,1,3,3,3,3,1
1275,2,2,1,1,3,3,1
1276,1,1,2,3,3,1,1
1277,1,4,1,3,1,3,1
1278,4,3,3,3,1,3,1
1279,2,2,4,3,1,2,2
1280,3,4,2,1,2,3,1
1281,4,4,2,1,1,1,1
1282,2,3,4,3,2,2,2
1283,3,1,2,2,1,3,1
1284,1,1,2,1,3,2,1
1285,3,3,1,1,3,3,1
1286,2,3,2,1,3,3,1
1287,3,3,4,3,1,3,1
1288,1,3,1,3,2,1,1
1289,4,2,1,2,1,2,2
1290,1,1,4,2,1,2,1
1291,4,2,4,3,3,1,2
1292,2,4,4,1,2,3,1
1293,2,3,3,2,1,2,2
1294,1,2,1,1,1,3,1
1295,4,4,2,2,3,1,4
1296,4,3,1,2,1,3,1
1297,2,2,3,3,1,3,1
1298,3,3,1,2,2,2,2
1299,1,3,4,3,1,2,2
1300,3,1,4,3,1,3,1
1301,2,2,4,3,2,2,2
1302,3,3,1,2,3,2,3
1303,4,2,4,3,2,1,2
1304,3,3,4,3,3,3,1
1305,4,2,1,2,3,3,1
1306,3,1,4,3,2,2,2
1307,4,2,4,2,3,1,2
1308,1,4,1,3,2,3,1
1309,4,1,1,3,2,3,1
1310,4,1,4,3,1,3,1
1311,2,4,2,1,1,3,1
1312,4,4,3,2,1,3,1
1313,3,4,1,1,1,2,1
1314,4,1,2,3,1,3,1
1315,3,1,4,1,2,1,1
1316,2,2,2,2,1,2,2
1317,3,4,3,3,3,1,4
1318,3,2,3,1,3,1,1
1319,1,3,1,1,2,3,1
1320,3,3,3,2,2,2,3
1321,3,2,2,3,1,3,1
1322,2,1,4,1,1,3,1
1323,3,2,2,2,3,2,2
1324,3,2,3,1,2,2,1
1325,1,2,1,1,1,1,1
1326,1,2,3,3,3,1,1
1327,3,3,4,2,2,2,3
1328,1,3,1,1,1,2,1
1329,3,4,3,1,2,1,1
1330,1,1,3,1,2,3,1
1331,3,1,3,3,3,2,2
1332,1,2,2,2,3,1,1
1333,2,3,2,3,3,3,1
1334,4,1,2,3,2,3,1
1335,3,2,4,2,3,3,1
1336,4,4,4,2,3,1,4
1337,2,4,1,2,3,1,2
1338,1,2,3,2,2,3,1
1339,4,4,1,3,3,2,3
1340,4,1,1,3,2,1,1
1341,1,1,4,1,3,2,1
1342,2,4,2,3,2,1,2
1343,1,2,2,1,2,1,1
1344,1,1,1,1,1,1,1
1345,3,1,2,1,3,1,1
1346,2,4,3,3,2,1,2
1347,3,3,3,1,3,2,1
1348,1,1,3,2,1,2,1
1349,1,1,3,3,3,3,1
1350,1,3,4,1,3,2,1
1351,3,2,3,1,1,1,1
1352,4,2,1,1,3,2,1
1353,3,2,2,1,1,2,1
1354,3,3,2,2,1,2,2
1355,4,2,1,2,1,3,1
1356,4,1,4,3,3,2,2
1357,3,3,4,1,3,2,1
1358,4,3,3,2,1,2,4
1359,3,1,1,2,1,1,1
1360,2,3,2,1,1,3,1
1361,4,2,4,2,3,2,3
1362,2,2,4,2,1,3,1
1363,4,2,3,3,3,3,1
1364,1,3,4,1,2,2,1
1365,3,4,3,3,1,2,4
1366,1,3,3,3,2,1,2
1367,4,4,2,3,1,3,1
1368,3,4,1,1,3,3,1
1369,4,4,4,2,1,2,4
1370,4,1,2,1,2,3,1
1371,3,2,4,1,1,2,1
1372,3,2,1,2,2,2,2
1373,2,2,3,3,1,1,1
1374,1,1,1,2,3,2,1
1375,4,3,4,3,2,3,1
1376,2,1,4,2,3,3,1
1377,4,2,3,1,2,1,1
1378,2,4,4,2,2,2,2
1379,2,1,2,1,1,1,1
1380,4,3,3,1,1,3,1
1381,2,1,2,2,3,1,1
1382,3,2,1,3,2,1,1
1383,1,3,3,2,1,1,1
1384,2,1,1,3,1,3,1
1385,2,1,2,2,3,3,1
1386,3,4,4,2,1,3,1
1387,4,4,3,1,1,1,1
1388,2,4,4,2,3,3,1
1389,2,1,1,2,3,3,1
1390,1,2,2,2,1,2,1
1391,2,4,2,2,3,3,1
1392,1,1,2,2,1,2,1
1393,4,4,1,3,3,1,4
1394,2,3,4,3,2,3,1
1395,1,3,3,1,1,3,1
1396,3,3,3,1,3,1,1
1397,1,3,4,1,2,1,1
1398,1,1,3,3,1,1,1
1399,4,1,2,2,2,3,1
1400,2,1,2,3,1,1,1
1401,1,1,3,1,1,3,1
1402,2,3,4,2,1,2,2
1403,1,4,2,3,2,3,1
1404,3,2,1,3,2,3,1
1405,3,3,3,3,2,1,2
1406,4,3,2,2,2,2,4
1407,1,4,2,3,3,1,2
1408,1,3,1,2,2,3,1
1409,4,1,4,3,1,2,2
1410,1,3,4,1,1,2,1
1411,1,3,2,1,3,2,1
1412,2,3,1,2,1,1,1
1413,1,2,3,2,3,3,1
1414,4,2,3,1,1,1,1
1415,4,1,3,1,2,2,1
1416,4,3,3,2,3,1,4
1417,1,1,4,1,3,1,1
1418,1,2,4,1,3,3,1
1419,3,1,2,1,2,1,1
1420,1,3,4,3,2,2,2
1421,3,4,1,1,2,1,1
1422,1,3,2,3,1,1,1
1423,4,3,3,1,2,2,1
1424,4,3,2,3,2,2,3
1425,4,3,1,2,1,2,4
1426,1,1,1,1,3,3,1
1427,1,1,4,2,2,2,1
1428,2,1,2,2,3,2,1
1429,1,3,2,3,2,3,1
1430,2,1,3,3,1,1,1
1431,2,1,1,1,3,3,1
1432,1,4,3,2,2,3,1
1433,4,4,2,3,3,1,4
1434,2,1,4,1,1,2,1
1435,3,1,2,2,1,2,2
1436,4,4,1,3,1,3,1
1437,4,3,4,3,2,2,3
1438,2,1,3,2,1,1,1
1439,4,2,2,2,2,1,2
1440,3,3,1,2,3,3,1
1441,4,3,3,1,2,1,1
1442,1,1,2,1,2,2,1
1443,3,4,4,3,1,3,1
1444,2,1,2,3,3,2,1
1445,4,1,4,1,2,2,1
1446,2,4,4,1,1,2,1
1447,3,1,4,1,1,2,1
1448,1,4,3,3,3,1,2
1449,4,1,4,3,1,1,1
1450,3,4,2,3,2,3,1
1451,4,4,3,3,1,2,4
1452,2,1,1,1,2,1,1
1453,2,2,4,2,3,1,2
1454,4,2,3,3,1,2,2
1455,3,2,4,3,1,2,2
1456,4,4,4,3,1,2,4
1457,4,3,2,2,1,1,2
1458,1,2,2,3,1,1,1
1459,2,2,2,1,3,2,1
1460,4,4,4,2,3,2,3
1461,2,1,3,2,2,3,1
1462,4,1,4,2,3,3,1
1463,3,1,2,2,2,2,2
1464,2,2,2,2,1,1,1
1465,4,3,2,3,2,1,4
1466,3,1,4,2,1,3,1
1467,1,4,3,1,1,1,1
1468,1,4,2,2,2,2,2
1469,4,1,3,1,2,1,1
1470,2,1,2,3,3,1,1
1471,1,3,1,3,3,1,2
1472,4,2,4,2,1,1,2
1473,2,2,1,2,3,1,2
1474,3,3,2,2,3,2,3
1475,2,4,1,1,3,2,1
1476,4,1,1,1,3,2,1
1477,1,4,3,2,2,1,2
1478,4,1,3,3,1,1,1
1479,4,2,4,2,2,2,3
1480,1,1,2,2,2,1,1
1481,4,4,3,2,1,1,2
1482,4,3,3,3,1,2,4
1483,1,1,2,3,2,2,1
1484,1,4,4,3,3,2,2
1485,3,4,1,2,3,2,3
1486,1,4,1,2,3,3,1
1487,2,1,2,3,1,3,1
1488,1,2,4,3,3,1,1
1489,1,1,2,1,2,1,1
1490,2,4,4,3,2,1,2
1491,2,1,1,3,3,2,1
1492,1,4,3,1,3,1,1
1493,4,2,4,3,1,1,2
1494,1,1,2,2,3,1,1
1495,3,4,4,2,2,1,4
1496,1,1,2,3,1,1,1
1497,3,2,4,2,3,1,2
1498,3,2,1,1,3,3,1
1499,3,2,2,2,2,3,1
1500,4,3,4,2,1,3,1
1501,3,1,4,1,3,1,1
1502,1,4,1,3,1,2,1
1503,1,2,1,2,2,2,1
1504,3,1,1,2,2,1,1
1505,1,4,4,2,3,3,1
1506,1,2,2,2,3,2,1
1507,2,3,4,2,2,2,2
1508,1,2,1,1,3,2,1
1509,1,3,4,2,2,2,2
1510,1,3,4,3,2,1,2
1511,2,3,2,2,2,2,2
1512,3,1,1,3,2,1,1
1513,3,1,4,2,3,3,1
1514,2,1,1,2,1,1,1
1515,2,1,1,2,1,2,1
1516,3,4,2,1,3,2,1
1517,4,4,3,3,3,1,4
1518,4,4,4,3,1,1,2
1519,4,3,4,2,3,3,1
1520,4,3,4,1,3,2,1
1521,1,1,1,3,1,3,1
1522,3,2,3,2,2,3,1
1523,1,4,1,2,1,3,1
1524,2,3,1,2,1,2,2
1525,3,3,1,2,3,1,2
1526,3,2,1,3,1,1,1
1527,3,4,3,1,2,2,1
1528,3,3,2,1,3,1,1
1529,4,3,2,3,3,1,4
1530,1,2,1,1,2,1,1
1531,3,4,2,1,3,3,1
1532,4,4,2,1,2,2,1
1533,4,1,1,3,1,1,1
1534,2,2,1,3,2,2,2
1535,4,3,4,1,3,1,1
1536,2,1,3,1,1,3,1
1537,2,3,3,2,3,3,1
1538,3,3,1,3,1,1,1
1539,2,4,4,1,1,1,1
1540,3,2,4,1,3,1,1
1541,1,1,4,1,2,2,1
1542,3,1,2,3,1,3,1
1543,2,2,3,2,1,1,1
1544,3,1,1,1,1,3,1
1545,3,4,2,3,3,3,1
1546,1,4,2,3,3,3,1
1547,4,2,4,3,1,3,1
1548,3,3,3,3,1,3,1
1549,1,2,3,3,1,1,1
1550,4,1,4,3,3,1,2
1551,4,4,1,3,2,3,1
1552,2,4,4,3,1,3,1
1553,3,1,2,3,2,3,1
1554,3,1,2,1,3,3,1
1555,2,3,1,1,1,2,1
1556,3,2,1,2,2,1,1
1557,4,2,1,1,2,2,1
1558,1,3,1,3,2,2,2
1559,3,4,2,1,1,1,1
1560,4,4,1,3,3,3,1
1561,3,1,4,3,2,3,1
1562,2,3,3,1,1,2,1
1563,1,1,3,2,1,3,1
1564,2,1,1,3,2,2,1
1565,3,4,2,1,1,2,1
1566,2,2,4,1,1,1,1
1567,4,2,3,1,2,2,1
1568,2,4,3,2,3,3,1
1569,1,1,1,1,3,2,1
1570,4,2,3,1,1,2,1
1571,4,4,2,2,3,2,3
1572,2,3,1,1,3,3,1
1573,4,3,4,1,1,2,1
1574,4,1,3,1,1,3,1
1575,3,1,2,1,1,1,1
1576,1,1,2,1,2,3,1
1577,3,2,1,1,2,2,1
1578,2,1,4,2,2,2,1
1579,2,4,2,2,1,1,1
1580,4,3,1,3,1,2,1
1581,3,2,2,3,3,1,2
1582,1,4,3,2,2,2,2
1583,4,3,2,1,2,3,1
1584,4,2,4,1,3,1,1
1585,1,2,1,2,1,1,1
1586,4,4,1,1,3,2,1
1587,3,4,1,2,1,2,4
1588,2,3,4,2,2,1,2
1589,4,3,4,3,1,1,2
1590,2,4,3,3,1,2,2
1591,2,4,4,3,3,3,1
1592,1,1,4,2,2,1,1
1593,4,1,3,2,1,3,1
1594,1,1,2,3,1,3,1
1595,4,2,4,1,2,1,1
1596,1,3,2,1,2,2,1
1597,1,2,3,1,1,3,1
1598,2,3,3,3,3,1,2
1599,1,3,2,2,2,3,1
1600,1,2,2,3,3,2,1
1601,4,3,1,3,3,2,3
1602,1,3,4,3,3,1,2
1603,3,4,2,2,1,1,2
1604,1,2,3,3,2,3,1
1605,2,2,1,2,1,2,2
1606,2,3,1,3,1,1,1
1607,4,3,3,3,3,3,1
1608,4,3,1,2,1,1,2
1609,2,3,2,3,2,1,2
1610,3,1,2,3,3,2,2
1611,1,3,4,3,2,3,1
1612,2,4,1,2,2,2,2
1613,3,2,4,2,1,1,1
1614,4,2,1,1,1,1,1
1615,1,2,3,1,3,3,1
1616,3,4,4,1,2,1,1
1617,3,4,3,1,1,1,1
1618,2,3,4,3,2,1,2
1619,3,3,4,2,3,2,3
1620,3,3,1,3,2,1,2
1621,4,1,4,1,2,3,1
1622,4,2,2,1,2,3,1
1623,3,3,1,2,2,1,2
1624,2,3,3,1,2,2,1
1625,3,1,3,1,1,1,1
1626,3,4,1,3,2,3,1
1627,2,1,4,1,2,2,1
1628,4,3,3,2,3,2,3
1629,1,4,1,1,2,2,1
1630,2,2,3,2,3,3,1
1631,4,2,3,3,2,2,3
1632,3,3,1,3,2,2,2
1633,4,1,3,3,1,2,2
1634,2,3,4,1,2,2,1
1635,4,3,3,2,3,3,1
1636,4,1,3,2,2,1,2
1637,2,2,3,3,1,2,2
1638,1,3,4,3,3,3,1
1639,1,1,3,1,3,1,1
1640,1,2,1,3,1,1,1
1641,4,3,2,3,3,3,1
1642,1,4,4,2,2,2,2
1643,3,1,4,3,2,1,2
1644,2,3,3,2,2,3,1
1645,2,3,3,1,3,1,1
1646,4,4,2,2,1,2,4
1647,4,1,3,3,3,1,2
1648,3,3,4,3,1,1,2
1649,1,3,1,3,1,1,1
1650,2,3,3,2,1,3,1
1651,2,3,1,3,2,1,1
1652,2,4,4,2,1,1,1
1653,2,3,1,3,2,3,1
1654,4,3,1,2,3,2,3
1655,1,2,1,3,3,2,1
1656,3,2,1,2,3,2,2
1657,1,4,1,3,2,1,1
1658,3,1,4,2,2,1,2
1659,1,2,4,1,1,1,1
1660,3,1,2,2,3,1,2
1661,3,2,3,2,2,1,2
1662,1,2,3,2,1,3,1
1663,2,1,4,3,1,3,1
1664,3,3,1,1,1,2,1
1665,2,4,1,1,2,3,1
1666,2,1,3,3,3,3,1
1667,3,2,4,2,1,2,2
1668,4,1,3,2,2,3,1
1669,4,3,4,3,2,1,4
1670,2,3,2,2,1,1,1
1671,1,1,1,1,3,1,1
1672,4,3,3,2,1,1,2
1673,4,1,2,3,3,3,1
1674,3,1,4,2,3,2,2
1675,2,4,3,1,3,3,1
1676,2,3,1,1,2,2,1
1677,3,3,4,2,1,1,2
1678,1,4,2,2,3,3,1
1679,2,2,2,1,2,3,1
1680,2,2,2,3,3,3,1
1681,3,3,2,2,1,3,1
1682,3,4,1,1,3,2,1
1683,4,3,2,2,2,3,1
1684,2,3,3,1,3,2,1
1685,1,3,1,2,3,3,1
1686,1,2,3,2,1,2,1
1687,2,2,4,2,3,3,1
1688,1,2,1,1,1,2,1
1689,1,3,3,3,3,2,2
1690,4,4,2,3,2,2,3
1691,3,1,3,3,1,3,1
1692,1,2,2,1,2,2,1
1693,4,3,4,3,3,1,4
1694,1,1,3,2,3,1,1
1695,4,4,2,1,1,2,1
1696,2,1,3,2,3,3,1
1697,4,3,2,2,1,3,1
1698,4,3,3,1,1,2,1
1699,3,4,4,3,2,3,1
1700,3,2,4,2,1,3,1
1701,2,3,1,3,1,3,1
1702,3,2,2,2,3,3,1
1703,4,3,1,1,2,1,1
1704,1,4,3,1,1,2,1
1705,4,2,1,1,3,1,1
1706,2,4,4,1,3,1,1
1707,3,2,1,3,3,3,1
1708,1,3,4,1,1,1,1
1709,1,1,3,1,1,2,1
1710,2,4,3,1,3,2,1
1711,4,3,2,1,3,2,1
1712,2,1,4,1,3,2,1
1713,4,3,1,2,3,3,1
1714,4,1,2,3,1,2,2
1715,3,4,2,2,2,2,4
1716,1,1,3,2,2,3,1
1717,1,3,1,2,1,2,2
1718,3,1,3,2,2,3,1
1719,3,4,2,3,1,3,1
1720,3,3,2,3,3,1,2
1721,3,4,1,3,3,1,4
1722,1,1,3,3,1,3,1
1723,2,3,4,1,3,1,1
1724,4,4,1,1,3,1,1
1725,2,2,3,1,2,2,1
1726,4,1,1,2,1,2,2
